00011000100110000001110110011010100010011001100100011100100110000001100110011000
11001110000101100110011011001011
00011100000110001011100000011001100100101001111100010101000110000001100000011000000110000011100000001000
00011000101110010001000111011010000110100001101100111011100101000001111010001000
11001101101011011111101000010001
110110111010001101100111011101111010011001111100000010110110010001111001
11001100101000000110010001111110100101110111111100010010011011000111000001100101
11001110000101110001011011001011
110011000010000110010100000111011011000001111111001110000111001000011001011101000110001010100100
00011010000101001001110010011011100100110011101010011010000100011001100100011010
00011000100110010011100110001010
110000101010110001110010000110010111010001111111001110000111001000011001011101000110001010100100
